1.336480851045576124e+00
3.110324000848140535e+00
1.083394686658795125e+00
1.596706819959194501e+00
1.096065650858968121e+00
2.394143311143943187e+00
1.096267098467172074e+00
5.544544692214926407e+00
1.560817825781930068e+00
2.897591300257941427e+00
2.988140103963270899e+00
1.335249334367874408e+00
1.936454815773231308e+00
1.585464403877023365e+00
6.065847859870706849e+00
1.446750933518825777e+00
1.877129638386717314e+00
5.838377649369220102e+00
1.215401339472625786e+01
1.575295736727852614e+00
2.190596818552843938e+00
1.767654454912727102e+00
4.011809198173776458e+00
4.226781962450816721e+00
2.461433729775999613e+00
1.006996621958091032e+00
1.075482207112252286e+00
3.932752126794068381e+00
1.303103285954978485e+00
1.562858329022726256e+00
4.254609676082915293e+00
1.766248109234716201e+00
2.533274143578661430e+00
1.023869384977721175e+00
1.879683568508345060e+00
2.972450509066878244e+00
2.655619989694529615e+00
1.263576952563304934e+00
1.846841847521029978e+00
1.183631339463683485e+00
1.612812013047963067e+00
2.625231979553178885e+00
4.311672270087242964e+00
1.031847200719376856e+00
6.137680819120841846e+00
3.999915732504552679e+00
2.662847521224235958e+00
1.606821965731210833e+00
1.143510996465799234e+00
2.437780924270076532e+00
2.124924113917794344e+00
1.567588119087669263e+00
3.292121536267786475e+00
1.228624329940903426e+00
1.094937344080618047e+00
1.738272462751093927e+00
1.050226068660678802e+00
2.453789546571154112e+00
1.442830181137232604e+00
1.440878606850671373e+00
2.135223391999943932e+00
2.590986712507300727e+00
1.967550377259686067e+00
3.181012954939869353e+00
3.386233568814869699e+00
2.043233945052452594e+00
1.059006575276780548e+00
1.295978425417801283e+00
7.597845763473271674e+00
1.218496194384595332e+00
3.152053110853117790e+00
1.048702122027476369e+00
2.234158802523079856e+00
1.195259196498063226e+00
4.651973788646440511e+00
1.300066638634802541e+00
2.138481090355044856e+00
1.576304453925953863e+00
1.105546162337835536e+00
1.072564009696632237e+00
1.011926820406758409e+00
9.447789816069965596e+00
1.514961842080990051e+00
2.095944153068675764e+00
3.479598214042179727e+00
1.635702068022233391e+00
1.425354311692682563e+00
1.011001882895638859e+00
3.562950033462478849e+00
1.980671052387789732e+00
1.238186797063492772e+00
7.764078231676809771e+00
5.046113015417740932e+00
1.574101882682146014e+00
1.287906577356594973e+00
1.113722732393201520e+00
6.845580956528406702e+00
2.057232331001650483e+00
1.195464222473519023e+00
1.194997068983209454e+00
2.496561366288437611e+00
2.279227176129471566e+00
2.741076062480727327e+00
1.233905794809028844e+00
3.597066995429381020e+00
4.678756519357698096e+00
1.094750629193391278e+00
2.984707135732755034e+00
2.620431933657612067e+00
1.200908086140163533e+00
1.663322136296928822e+00
1.408506297969578291e+01
1.147155597191056753e+00
1.076125296201473347e+00
1.071877850209875138e+00
2.215333387420808542e+00
6.121070356240965182e+00
1.829732378363932765e+00
1.019051453833040410e+00
1.448377272979054053e+00
1.903486195521469027e+00
1.444368672388622654e+00
5.989233549929211975e+00
3.206891424275086333e+00
5.079863216810985627e+00
2.400602841326233694e+00
1.774004676581943496e+00
1.020405828072475707e+00
1.161668511422227601e+00
4.342765052404105930e+00
2.016205724215780037e+00
1.083359511280974630e+00
1.409152862387548666e+00
1.245574505141690658e+00
1.099910623044860758e+00
1.907013775382012444e+00
1.004558361044746162e+00
4.753343407404329035e+00
1.290135624303445638e+01
9.160199958918397556e+00
1.338060183845547702e+00
2.860209599865979335e+00
1.008625716438905640e+00
1.451341288726291534e+00
1.705075990426987431e+00
3.842731968321735359e+00
1.573986011244613126e+00
1.078338829407989419e+00
4.007793571857623860e+00
1.264089790149457215e+00
2.715929881009906399e+00
3.470880705721500092e+00
1.742166931129820240e+00
5.663082289809733716e+00
1.000014134376621122e+01
1.295030926306596442e+00
2.270631939272125255e+00
1.384125340070599286e+00
1.638689885640460142e+00
1.608546017583755150e+00
2.334667166616007705e+00
1.809860586378424063e+00
1.125724622310250389e+01
2.529513340421624790e+00
2.167745989018593278e+00
1.109387342931143827e+00
1.379933451900322572e+00
1.048075863544770003e+00
1.568011539178281843e+00
3.823402342599330872e+00
2.651105810096563431e+00
3.014455084614604097e+00
1.867754357235849927e+00
1.742789531529943092e+00
3.115987881093125633e+00
2.662490414447356013e+00
1.829852640387033658e+00
1.354733687521290308e+00
3.956438646957998184e+00
2.294801315076602233e+00
3.023967528614755373e+00
2.470057371492600851e+00
1.354831431542142806e+00
2.905331529977215332e+00
1.289239677610342305e+00
1.141855586534598510e+00
2.334586642108396060e+00
1.520835581746381848e+01
1.585777052652647345e+00
2.665436427814444897e+00
1.022703669439557705e+00
1.599250095751856060e+00
1.180516562315440110e+00
3.267272950588636427e+00
1.804387227061055254e+00
8.232385962647640554e+00
2.478342909102837055e+00
1.521933361302838961e+00
2.134311295420189492e+00
1.057543695533707639e+00
1.648090220343767731e+00
1.217460398087733653e+00
1.428381425157710716e+00
2.113281858705053917e+00
1.002183109879204670e+00
1.326329098696003461e+00
8.885717311177925737e+00
3.119675270822404478e+00
3.839461856267640805e+00
1.739326072542494606e+00
5.812542397092822277e+00
1.740680809385891203e+00
5.486141835367524422e+00
1.718115807522327287e+00
3.811072978237782571e+00
1.018011484871043759e+00
3.400388637623918076e+00
1.753175531281569555e+00
1.849419250737101450e+00
1.515908077203204529e+00
1.345771612801144101e+00
2.163487399345880302e+00
2.066111229838495600e+00
2.365958378925956840e+00
5.729116518195182195e+00
7.592395022835158436e+00
1.526075858233479243e+00
1.364000703065663123e+00
1.014065229872881391e+00
1.120354190078203249e+00
5.473352617797198505e+00
2.066793026880824780e+00
2.715602803783005559e+00
1.334769277407826138e+00
9.456008544102790125e+00
1.042015151597565570e+01
2.181872448717413260e+00
2.495383218529152902e+00
1.754035774875202902e+00
2.757967033888707231e+00
1.392408202309462384e+00
1.685402300895479710e+00
1.501827549984178223e+00
4.272440929881407889e+00
2.505153863902902511e+00
1.630227502475258605e+00
2.003763719682816635e+00
3.989121618826100946e+00
2.175717117396702704e+00
1.836441394018255790e+00
3.358519457524117069e+00
1.745924035920142670e+00
5.488460197136112662e+00
1.401364030664117966e+00
1.805038284726244946e+00
1.958091356699963814e+00
2.645437094152117474e+00
1.631399135814376455e+00
1.159157122546967456e+00
1.943905254859840115e+00
1.212024722057164494e+00
3.729821029847868008e+00
1.352237988748813402e+00
1.663733797736764330e+00
3.112934486081972096e+00
1.531111453676504031e+00
7.979164826849262759e+00
1.200725929497773015e+00
3.963628516539495106e+00
1.542293119833904269e+00
2.243524599541800058e+00
9.930030703055155783e+00
1.883302488420083964e+00
1.743256014954520206e+00
1.049186806148235451e+00
1.814313954209602064e+00
1.454856615768587602e+00
1.270853427703638072e+00
2.962506022642364734e+00
4.140167897369935623e+00
4.243885994443691523e+00
1.259396640969604020e+00
1.347458179973674897e+00
1.992206888049411262e+00
3.774767240376904809e+00
1.110546894304115906e+00
5.905575236154485097e+00
1.477844713490117146e+00
1.014693738385156641e+00
2.547140280866642570e+00
1.309030902620304415e+00
1.016379504807203071e+00
1.786387148815530068e+00
1.015535208681397350e+00
1.308758711109916817e+00
1.368323885753618407e+00
1.075308404843031029e+00
1.660770724026080059e+00
2.068342141910827880e+00
3.889887402157244267e+00
1.269348907081495170e+00
3.435597294052014750e+00
1.691351484988209419e+00
1.682206958516003548e+00
2.082334857448127075e+00
1.534712985602317392e+00
4.509020566720566947e+00
1.612986062121523956e+00
3.370564340491339905e+00
1.904754859637883158e+00
1.048981103094553058e+00
1.785000141064710721e+00
3.474104619837572905e+00
1.133858425217763033e+00
1.887882072886775786e+00
2.622377358840261685e+00
2.105065919758642767e+00
3.389768864263518200e+00
1.331254408194788574e+00
1.378630353855943458e+00
2.159853859409869958e+00
1.761626907918997897e+00
1.876691841695453222e+00
1.364819656721403485e+00
1.389749915347449294e+00
1.165635070898337622e+00
1.804537637852840604e+00
1.230872897051246140e+00
3.520341897714957646e+00
1.311028559400312155e+00
1.071360535584739981e+00
2.576253088600887420e+00
1.327836255276028554e+00
1.166673338217875111e+00
4.040725686142991435e+00
3.339545609476787469e+00
1.499478735584507838e+00
1.625114757631163087e+00
1.344279032838199051e+00
3.417318834252697890e+00
5.671155854243290051e+00
1.201142787362507347e+00
2.225696766205328192e+00
3.198405231997096365e+00
1.662182152341477481e+00
1.046895542296693016e+00
1.492926593472425179e+00
3.178195446632351207e+00
1.328251011396512027e+00
4.002861228180898401e+00
1.151676128676266231e+00
1.219309019593947552e+00
2.018581020518360081e+00
1.094599031214321228e+00
1.317964070633357743e+00
1.335044656008049779e+00
2.554087956314418317e+00
2.012998297653555646e+00
1.699091083030216831e+00
3.394748804148407295e+00
2.675485913779296787e+00
1.541154278763601448e+00
1.358653274499788788e+00
1.998651844504468977e+00
5.371783475611212388e+00
3.331982444945791766e+00
1.215146693622470409e+00
3.118491445344356183e+00
2.177509902451238322e+00
2.159444257492129537e+00
1.082529271868331699e+00
2.532138317123495241e+00
1.206524991851123296e+01
2.675443613870223558e+00
2.649775178432280498e+00
2.041552972906951702e+00
1.052579534600212030e+00
1.027139013023385061e+00
3.090428296291865440e+00
2.398647348024519843e+00
7.446510519101031456e+00
1.822144699532038059e+00
1.165822153024304031e+00
1.654593443696735333e+00
1.011067166966132191e+00
2.941067444810935516e+00
1.315336291922713841e+00
2.023680470803379983e+00
1.314311627267970239e+00
1.159181027148938226e+00
1.969650364149680755e+00
1.108828282280555966e+00
1.557749367920650885e+00
1.232965294486806140e+00
1.892512587522863221e+00
1.003317800761166501e+00
1.126162202221917541e+00
1.361903531627894015e+00
2.436194560687812150e+00
1.271996253082809725e+00
1.836599406789275024e+00
2.473493387665577359e+00
1.665434754521897487e+00
1.014008666280789894e+00
1.907293178468795869e+00
7.368900621732311862e+00
1.036607315129312701e+00
1.623959917676548459e+00
1.148109584624226853e+00
7.830381197767757762e+00
2.035784299680309051e+00
1.238509506306181285e+00
2.872811374702420206e+00
4.098913527213545294e+00
4.477595466571306027e+00
2.183062916269119302e+00
1.605253310125977828e+00
2.602670959739639578e+00
5.734369690136813524e+00
1.144535808079948147e+00
3.712869628543935541e+00
2.075143068695202153e+00
3.626252959010401788e+00
1.216192722728479003e+00
1.087762337693971126e+00
1.302420860817669723e+00
1.606344163780214718e+00
3.654927106669781267e+00
2.199212422852613980e+00
1.119711173692983897e+00
7.276715903009310260e+00
1.294893300874256914e+00
1.532553966904665943e+00
1.559191220055094584e+00
4.091333628909651132e+00
2.721980835873655913e+00
6.529730190950869151e+00
2.174964284525251035e+00
1.105893243305649865e+00
1.074549654063418069e+00
2.273670288070999579e+00
8.720263280342138046e+00
2.818797375883459466e+00
1.108195087018164493e+00
3.919201348579248290e+00
4.631660740785112473e+00
1.016942573006545558e+00
1.636071303280148159e+00
1.097296878337024939e+00
1.521614255401312787e+00
1.323327190156181610e+00
2.565735174418740883e+00
1.483574397297358960e+00
1.300729479394765686e+00
1.784098898983465187e+00
2.408619523555134645e+00
2.179690902735111901e+00
2.998524473762329112e+00
1.391135113336578799e+00
1.168289997013126857e+00
4.264401626705330628e+00
3.518183527945396349e+00
1.225258812449313561e+00
1.395708612893354683e+00
1.717030628043094254e+00
1.136745769728372490e+00
2.286008199740320546e+00
1.763271235419145988e+00
1.637899146447179488e+00
1.405011477927233354e+00
1.043390580901237286e+01
1.088896952659796469e+00
1.016129309863314178e+00
5.037423955466556968e+00
1.846917772494943710e+00
1.949361802712861635e+00
1.292635472254667794e+00
1.382278303224192761e+00
2.239414985766851274e+00
2.189913669673299701e+00
1.222342902880684701e+00
1.812653121906687925e+00
1.687398263089898931e+00
1.213279813395863549e+00
1.493230635249683802e+00
7.502523999085968676e+00
1.589123309312389543e+00
1.971770869501867862e+00
1.858977869942571637e+00
1.657812859994241217e+00
1.442287208625733896e+00
3.085225484658284056e+00
1.232005642348513508e+00
1.402572116027845706e+00
1.495882544181489804e+00
2.603829416812713848e+00
4.925052675131978752e+00
1.506507463778074429e+00
4.912892969129234899e+00
1.466993466335337448e+00
2.952349894946945330e+00
1.690634383690192921e+00
3.812046629857735791e+00
1.902167727580317047e+00
1.359706798299826991e+00
4.503240818622318287e+00
1.176580376166189490e+00
1.245890387916545716e+00
6.207328743843286922e+00
1.289125270135043300e+00
1.023770270043613317e+00
3.495562385308291997e+00
1.002740234627106375e+00
1.336200359110718106e+00
1.650039234636279550e+00
1.123524224051036358e+00
1.503830578906204973e+00
1.491272957849555603e+00
1.783108077852185058e+00
2.255283441051834092e+00
1.513471633094384483e+00
1.798876057639070103e+00
1.414827702402578824e+00
3.608909296793939792e+00
1.150355648480226867e+00
2.476907320955247904e+00
1.099909427714043320e+00
1.007818490834572867e+00
1.800924765592964549e+00
1.569915607570901983e+00
9.655636965376087844e+00
1.683281943776550937e+00
1.149357526129868523e+00
3.959104745126411196e+00
6.017827254099273659e+00
2.121551421514213942e+00
1.548169928784770111e+00
1.049707544387438629e+00
2.036172598084512675e+00
4.915247244231883528e+00
9.517249266912225281e+00
1.115572851693580114e+00
3.452389221350725013e+00
4.430720644309284140e+00
1.119386352173405541e+00
3.717349106156261129e+00
2.182487724411144470e+00
1.053738599169027568e+00
1.837763291383110564e+00
2.385030043003751654e+00
5.264157773014919606e+00
6.250747406766618219e+00
1.799078174706050470e+00
1.722714387316150564e+00
1.829091172496261741e+00
2.855255343885632957e+00
7.357686627539546720e+00
1.325893031163017044e+00
3.426458131694212206e+00
2.489816447973129510e+00
1.435954748832752426e+00
2.370890152318271937e+00
1.192316379346901378e+00
2.336063836328934773e+00
1.170523907401892938e+00
2.076667157712821510e+00
1.059689239892176227e+00
2.363514245764420707e+00
2.804278816108325412e+00
2.324793859963167453e+00
3.791889699843091766e+00
4.240765405384496312e+00
1.525094460029332355e+00
1.015134730576654487e+00
2.621020508369297008e+00
1.073669765729404091e+00
1.187251483091544602e+00
2.276272029255509644e+00
1.810996640971799243e+00
1.318855326054279242e+00
2.613436249955552793e+00
1.537900615407751026e+00
2.508915297261179234e+00
2.389051192882424512e+00
1.322922922246652977e+00
1.124198780312057222e+00
3.088295515424149151e+00
1.479317845250065266e+00
1.483979496240940499e+00
1.227105300887548767e+00
4.156123757389849516e+00
1.972747700251803682e+00
8.291928886078887118e+00
6.139381912051907975e+00
4.369039287339673727e+00
3.161021214037096350e+00
1.034034699634248877e+00
3.225288776595949258e+00
2.680422762362857814e+00
1.070201156929274200e+00
2.071611279405987549e+00
1.307371978753385511e+00
1.062092953974677068e+00
1.714185837301471338e+00
1.487090954152918698e+00
1.123175938312322986e+00
1.465712707527671910e+00
1.702089635399092860e+00
2.947373849499743237e+00
3.770304157669718048e+00
1.754204741283062141e+00
2.912960916387027144e+00
1.929914338977876564e+00
5.158198200236916442e+00
2.553961549405093123e+00
1.001617244943356466e+00
5.255026279384355625e+00
1.206179986373299595e+00
1.904315351834515058e+00
1.853937625060419370e+00
1.542874946809134951e+00
1.647896306394593280e+00
1.010509390700674892e+01
2.211644112609767898e+00
3.968225412126833884e+00
1.099331455833483462e+00
1.505319529646414800e+00
1.063378388727618473e+00
1.806264597006192574e+00
1.004096883333453594e+00
2.995630669147349323e+00
1.260313029416598507e+00
3.333824610452852610e+00
3.660623761508297935e+00
1.371445421648527452e+00
5.927871462253847312e+00
1.474801815488459900e+00
1.486939389589167382e+00
1.019539888053554666e+00
1.173997030359088978e+00
6.166002700989908547e+00
3.788384246775111208e+00
1.918835590852566053e+00
2.392796619398330105e+00
2.194881258327370244e+00
1.672038127052892564e+00
1.231116436087974053e+00
1.245786515016564566e+00
3.306673404786590442e+00
1.253371288549025353e+00
2.491022606916719173e+00
1.131352217848476949e+00
1.187197355381411468e+00
1.097378094813904026e+00
1.048683039232502834e+00
1.949497581658528267e+00
4.392912089690733879e+00
1.677552177821752588e+00
3.719840097992408001e+00
2.704136664332180473e+00
1.382296536351220073e+00
7.797888243583493306e+00
4.557033738087135077e+00
1.069878036679819955e+00
5.829963220969005988e+00
2.475918501994903931e+00
1.371396743437917509e+00
1.190795760508147616e+00
1.793241193465728411e+00
1.811357591000054779e+00
1.339807866871414621e+00
1.203170678233148827e+00
2.157789277018610896e+00
5.816048949313602279e+00
1.075536848679953916e+00
2.156669054609734459e+00
1.255798449143835205e+00
1.120191667772435284e+00
1.768855210023609459e+00
1.136846737790992767e+00
9.530231641171484469e+00
1.018537048172377002e+00
1.709092871718031370e+00
5.826255252652882355e+00
1.335785619228567089e+00
2.486410538968431005e+00
2.055528603198903070e+00
2.843755168499134900e+00
1.321847737517439780e+00
4.812754767342034334e+00
1.073353491571528151e+00
6.169070664780983648e+00
1.242062505350733703e+00
2.330921921532420615e+00
1.161038005774494009e+00
1.797581616744096111e+00
4.270193731455311337e+00
1.059177677631202741e+00
1.039095339977839760e+00
1.482923823725774248e+00
1.624974985109772119e+00
1.066554573155501506e+00
2.291350766692774155e+00
1.551097883194816118e+00
1.745764970771649383e+00
1.790401594204460212e+00
1.506323981162030368e+00
1.440149875485903230e+00
2.421468089235788490e+00
2.043893584499119509e+00
1.068030044345509921e+01
1.031338563931999630e+00
1.690596230093819985e+00
1.092676122511805348e+00
3.088845292701840162e+00
1.114133983106580850e+00
3.502427562494223601e+00
1.432686483326008675e+00
1.367524331290070894e+00
3.983239980890379339e+00
3.411920756839116997e+00
3.013909566633126591e+00
1.435409482703262851e+00
2.928869827682353488e+00
1.235110281841480528e+00
1.373652683115153206e+00
1.548852536198959351e+00
1.037872391460143717e+01
1.504458761885269613e+00
1.397660841366627826e+00
1.049946394241470182e+00
6.131673808890773181e+00
5.373087952203435158e+00
3.829485820556483677e+00
1.480560745937905320e+00
2.107566394791550834e+00
2.220092691514897965e+00
3.006630227255351784e+00
1.297418910508273848e+00
1.776153622189506232e+00
1.064899666871414796e+00
1.050366096576888175e+00
6.697517773721991752e+00
2.663258028858172644e+00
1.288371163121957874e+00
1.355338880244346011e+00
5.486773554831440691e+00
1.143635518821518593e+00
2.064433149292298708e+00
1.450334076014175411e+00
1.608647722031536720e+00
1.571303868291489270e+00
2.422199118166413534e+00
2.161178598315853350e+00
4.068274488123811317e+00
2.232414815102040873e+00
1.866058953612055538e+00
2.397676624148678215e+00
1.062835304472690590e+00
1.787970227390807132e+00
1.441766497031359284e+00
1.056237266460398061e+00
3.537406947366283916e+00
3.226339300195628201e+00
2.109738702493194840e+00
1.675160244100580398e+00
2.426274346082294642e+00
1.004381828520832132e+00
5.565571536095591298e+00
2.414157000803136111e+00
4.403828894306347053e+00
2.445652072366593544e+00
1.402227158279475860e+00
2.021733117403499147e+00
2.026308781454891683e+00
1.858979643143351401e+00
1.699204070210191375e+00
1.856289822942733148e+00
4.870972736840033512e+00
1.168831245266934271e+00
1.795801737468805559e+00
1.027807092430408353e+00
3.159856070819803797e+00
1.866175864544431962e+00
1.569177067382116597e+00
2.256831927137914473e+00
2.514284296163178389e+00
1.112785152825118251e+00
3.940332930628200003e+00
1.293658945203301602e+00
1.860471395748966694e+00
1.614483653880099956e+00
2.409226277498448088e+00
4.005938766037792753e+00
2.099457584493268136e+00
3.946797933401831937e+00
3.316634475879235211e+00
1.199288477104921702e+00
2.866695945754404118e+00
5.870713796477000201e+00
4.341455593604122143e+00
3.061900388995382194e+00
1.073309618748492866e+01
1.788523635401228828e+00
1.570056107989231897e+00
5.039884961345313386e+00
6.012359206874289264e+00
1.038557177765958128e+00
2.661053645332573936e+00
2.009505108874091839e+00
1.322034056106675459e+00
1.530465414458045403e+00
1.282166316570299447e+00
1.405394391605954363e+00
2.639040135400296805e+00
1.419223976217325323e+00
1.189560964104989349e+00
1.546079520903886451e+00
3.354276935562524820e+00
2.071620172743332766e+00
5.853304178380130729e+00
1.274597675493724713e+00
1.087690102783754886e+00
1.058399546136879366e+00
1.358705053080450531e+00
1.131712424682310481e+00
2.056822216832007388e+00
1.031394763441688234e+00
2.586824365881807530e+00
1.184548327358661446e+00
4.991942710934983651e+00
3.678944568989285013e+00
1.127834885898139738e+00
1.374885352764452895e+00
5.765447652959759139e+00
1.603490591850825098e+00
1.931782135588119065e+00
2.570807686035049944e+00
1.791038825696753323e+00
1.888053321879970881e+00
2.588906404368609859e+00
3.905782777307641673e+00
2.304906329180790969e+00
1.009878984358871579e+00
3.788200512870390391e+00
1.258218906640161894e+00
2.894243390441495922e+00
1.014378425611250245e+00
1.257444951286426083e+00
1.972642422396012174e+00
1.730566157394769267e+00
1.511568358759898922e+00
4.666280487285485279e+00
1.059452556326036188e+00
2.093276897030227790e+00
1.632226014528618263e+00
1.023367843670956123e+00
6.067431724879077670e+00
1.105487494700604145e+00
7.309073895724521819e+00
1.248964202597069972e+00
3.631455783791607939e+00
1.501954058881744825e+00
3.728633455033627087e+00
1.108825878499149153e+00
4.441181599429214089e+00
4.769204935968039294e+00
1.602680630523399596e+00
2.212101334119848328e+00
1.052847498619741584e+00
2.718939505365588261e+00
1.192654522974234466e+00
2.504015299785817827e+00
1.208228597610728983e+00
1.133226216363196093e+00
2.146422051934880226e+00
2.218511179389607513e+00
1.160691745847380218e+00
9.252205690325135734e+00
2.209901845412402199e+00
1.069948006859205547e+00
2.299545428799221192e+00
3.429530664562442155e+00
1.062354788440158737e+00
1.864408617031040105e+00
7.592725772236637916e+00
4.424534508219710283e+00
1.895468567168190566e+00
1.207190904975523615e+00
1.601211664313832994e+00
9.727153615377122975e+00
1.210667402246542013e+00
4.938022955512172629e+00
1.236824092185257795e+00
1.300811661289600574e+00
1.449837871550463175e+00
1.700030662565216399e+00
5.612076542984222982e+00
6.264348587755106834e+00
2.683929944999342787e+00
1.461992133734632660e+00
1.074515293098031510e+00
4.711596595799957932e+00
1.029195423416924271e+00
1.403404239750825733e+00
1.965204330116095077e+00
1.266412815575964412e+00
3.128327618605339033e+00
1.575258191441098132e+00
3.310770355833561052e+00
1.785117993087954380e+00
1.331386141865853689e+00
1.186874345950751364e+00
2.191761477003034031e+00
1.394266332754242388e+00
1.040756857821522718e+00
1.147839618217720847e+00
1.255683831876131196e+00
1.848123812593185589e+00
1.181259410922047559e+00
1.022981642370176125e+01
1.507697825953905335e+00
2.628672412405260950e+00
1.692669505554089904e+00
2.551819657512175876e+00
6.457527510015578898e+00
1.239559005065759889e+00
2.233016111219003008e+00
6.396357003136697195e+00
1.044862401696453835e+00
1.112498376660907340e+00
2.351738713784558232e+00
2.290559485374590309e+00
2.820717744070588839e+00
3.101153095097352708e+00
3.240762513103585096e+00
1.377178528410454739e+00
1.359116467283628005e+00
1.227423281915255515e+00
1.330643365593778826e+00
4.171369444535852899e+00
1.387498687137271203e+00
2.129865548467884118e+00
3.075230383388360522e+00
1.000333678536265536e+00
3.588239976043487101e+00
2.181656566364075900e+00
1.736244999125585275e+00
1.196842687337676958e+00
2.288899110658847658e+00
3.696997402259900145e+00
4.046570766157634225e+00
1.492748103775659807e+00
1.354260697738318475e+00
1.343241874485701981e+00
1.011056329392885811e+00
1.116029103200511186e+00
2.526067847199741756e+00
2.137334707458393268e+00
1.618316843201438537e+00
3.636726762078740904e+00
2.309943197145447602e+00
1.576907913114123483e+00
1.005095145523441591e+00
3.551238377170853333e+00
6.643280312580620794e+00
1.346345075912989797e+00
3.038401215895078167e+00
1.125238332102896699e+00
1.156397523286665896e+00
1.460967717639752639e+00
1.066050275774016010e+00
1.644046844282934350e+00
1.016599793800583296e+00
1.240102282021843472e+00
2.341150282406881278e+00
1.408341036940476076e+00
1.536487003102507076e+00
1.347126022423386749e+00
3.200280994875580376e+00
1.496467034798696805e+00
1.199759360402170127e+00
2.121995342723790312e+00
1.364709261274879237e+00
1.282376785952431542e+00
7.063171654257589971e+00
5.817808823629231796e+00
2.385691447407218391e+00
1.445541563445910116e+00
1.523313605407798477e+00
1.220917219480276428e+00
2.330566957427833152e+00
1.053661426605987828e+00
1.029268725083797076e+00
1.681647071865986387e+00
1.980899914113678939e+00
3.130785700590826615e+00
5.515414501026634220e+00
4.871768765185878536e+00
1.055473505662775757e+00
